        Rank        RMSE       MaxAE  Feature_ID
           1    0.111544    0.629093  (       1)
           2    0.114436    0.592496  (       2)
           3    0.116148    0.564287  (       3)
           4    0.116527    0.654033  (       4)
           5    0.116886    0.682320  (       5)
           6    0.116989    0.603475  (       6)
           7    0.117361    0.564689  (       7)
           8    0.117371    0.599453  (       8)
           9    0.117395    0.681941  (       9)
          10    0.117569    0.632880  (      10)
          11    0.117929    0.572964  (      11)
          12    0.118079    0.632592  (      12)
          13    0.118453    0.610338  (      13)
          14    0.118501    0.606973  (      14)
          15    0.118602    0.552939  (      15)
          16    0.118845    0.513883  (      16)
          17    0.119012    0.630671  (      17)
          18    0.119158    0.568828  (      18)
          19    0.119192    0.542150  (      19)
          20    0.119395    0.630617  (      20)
          21    0.119439    0.593968  (      21)
          22    0.119493    0.594151  (      22)
          23    0.119709    0.536992  (      23)
          24    0.119735    0.514621  (      24)
          25    0.120018    0.598583  (      25)
          26    0.120096    0.698239  (      26)
          27    0.120202    0.674130  (      27)
          28    0.120250    0.574367  (      28)
          29    0.120352    0.587499  (      29)
          30    0.120583    0.537819  (      30)
          31    0.120649    0.673589  (      31)
          32    0.120728    0.697481  (      32)
          33    0.120730    0.533138  (      33)
          34    0.120744    0.579095  (      34)
          35    0.120825    0.646976  (      35)
          36    0.120836    0.579279  (      36)
          37    0.121063    0.636089  (      37)
          38    0.121103    0.652394  (      38)
          39    0.121106    0.555459  (      39)
          40    0.121124    0.635843  (      40)
          41    0.121189    0.579242  (      41)
          42    0.121291    0.534791  (      42)
          43    0.121442    0.603376  (      43)
          44    0.121480    0.581669  (      44)
          45    0.121486    0.584543  (      45)
          46    0.121521    0.722128  (      46)
          47    0.121613    0.560807  (      47)
          48    0.121632    0.642678  (      48)
          49    0.121643    0.610089  (      49)
          50    0.121671    0.651787  (      50)
          51    0.121694    0.538970  (      51)
          52    0.121709    0.634873  (      52)
          53    0.121713    0.579370  (      53)
          54    0.121740    0.552707  (      54)
          55    0.121752    0.634647  (      55)
          56    0.121783    0.606980  (      56)
          57    0.121818    0.727649  (      57)
          58    0.121838    0.606487  (      58)
          59    0.121860    0.556238  (      59)
          60    0.121891    0.539453  (      60)
          61    0.121912    0.699167  (      61)
          62    0.121926    0.603338  (      62)
          63    0.121928    0.523649  (      63)
          64    0.122000    0.581780  (      64)
          65    0.122000    0.584633  (      65)
          66    0.122002    0.591987  (      66)
          67    0.122029    0.618004  (      67)
          68    0.122163    0.642422  (      68)
          69    0.122163    0.598002  (      69)
          70    0.122176    0.553060  (      70)
          71    0.122207    0.559563  (      71)
          72    0.122236    0.554776  (      72)
          73    0.122238    0.727021  (      73)
          74    0.122260    0.606920  (      74)
          75    0.122265    0.618233  (      75)
          76    0.122288    0.624714  (      76)
          77    0.122291    0.559496  (      77)
          78    0.122314    0.606430  (      78)
          79    0.122341    0.465938  (      79)
          80    0.122341    0.629911  (      80)
          81    0.122350    0.524759  (      81)
          82    0.122493    0.581306  (      82)
          83    0.122495    0.624532  (      83)
          84    0.122508    0.590515  (      84)
          85    0.122546    0.502320  (      85)
          86    0.122551    0.579267  (      86)
          87    0.122597    0.537851  (      87)
          88    0.122625    0.511869  (      88)
          89    0.122683    0.485904  (      89)
          90    0.122707    0.544529  (      90)
          91    0.122711    0.616229  (      91)
          92    0.122743    0.562571  (      92)
          93    0.122833    0.536629  (      93)
          94    0.122863    0.534027  (      94)
          95    0.122873    0.702003  (      95)
          96    0.122874    0.579312  (      96)
          97    0.122927    0.557349  (      97)
          98    0.122929    0.674639  (      98)
          99    0.122971    0.719484  (      99)
         100    0.123005    0.464952  (     100)
