        Rank        RMSE       MaxAE  Feature_ID
           1    0.095162    0.606599  (     421    1181)
           2    0.095215    0.619838  (       1     801)
           3    0.095262    0.582797  (       1     802)
           4    0.095539    0.623088  (       1     803)
           5    0.095605    0.630958  (       1     804)
           6    0.095751    0.619968  (       1     805)
           7    0.095794    0.637097  (       1     807)
           8    0.095815    0.610621  (       1     806)
           9    0.095903    0.606078  (       1     810)
          10    0.095940    0.655168  (       1     822)
          11    0.096063    0.606054  (     421    1352)
          12    0.096067    0.577229  (       1     828)
          13    0.096101    0.630891  (       1     808)
          14    0.096136    0.637698  (       1     809)
          15    0.096165    0.661273  (       1     832)
          16    0.096257    0.600568  (       1     814)
          17    0.096263    0.646220  (       1     817)
          18    0.096266    0.614109  (       1     812)
          19    0.096270    0.608905  (       1     811)
          20    0.096270    0.608963  (     122    1145)
          21    0.096285    0.610825  (       1     813)
          22    0.096286    0.592346  (       1     830)
          23    0.096296    0.596473  (     421     951)
          24    0.096300    0.661504  (       1     851)
          25    0.096325    0.609139  (     129    1145)
          26    0.096350    0.658008  (       1     899)
          27    0.096364    0.588092  (       1     833)
          28    0.096399    0.427890  (     196     538)
          29    0.096412    0.595647  (       1     815)
          30    0.096416    0.670488  (       1     882)
          31    0.096451    0.655568  (       1     858)
          32    0.096461    0.648968  (       1     841)
          33    0.096470    0.604031  (       1     824)
          34    0.096488    0.625194  (       1     816)
          35    0.096488    0.646016  (       1     855)
          36    0.096499    0.610057  (     136    1145)
          37    0.096514    0.584418  (       1     846)
          38    0.096523    0.613506  (       1     818)
          39    0.096525    0.650321  (       1     957)
          40    0.096536    0.679164  (       1    1356)
          41    0.096537    0.647405  (       1     986)
          42    0.096539    0.602738  (       1     820)
          43    0.096553    0.644012  (       1     821)
          44    0.096558    0.651961  (       1     843)
          45    0.096561    0.644169  (       1     823)
          46    0.096571    0.625795  (       1     819)
          47    0.096592    0.637518  (       1     826)
          48    0.096598    0.641798  (       1     829)
          49    0.096611    0.623175  (       1     827)
          50    0.096614    0.584829  (       1     825)
          51    0.096635    0.677337  (       1    1032)
          52    0.096640    0.653251  (       1     948)
          53    0.096668    0.606619  (       1     853)
          54    0.096733    0.644906  (       1     849)
          55    0.096738    0.670115  (       1    1026)
          56    0.096760    0.669789  (       1     929)
          57    0.096773    0.681954  (       1     963)
          58    0.096796    0.608344  (       1     834)
          59    0.096801    0.662365  (       1     862)
          60    0.096802    0.680826  (       1     983)
          61    0.096816    0.636589  (       1     844)
          62    0.096849    0.642595  (       1     864)
          63    0.096852    0.656992  (       1     831)
          64    0.096852    0.604544  (       1     836)
          65    0.096855    0.618719  (       1     835)
          66    0.096855    0.649148  (       1     888)
          67    0.096857    0.626759  (       1     856)
          68    0.096870    0.639677  (       1     845)
          69    0.096873    0.596024  (       1     840)
          70    0.096878    0.598959  (       1     837)
          71    0.096884    0.647686  (       1     842)
          72    0.096888    0.643786  (       1     838)
          73    0.096894    0.643943  (       1     839)
          74    0.096894    0.691560  (       1    1058)
          75    0.096900    0.592346  (     152    1145)
          76    0.096901    0.679571  (       1    1027)
          77    0.096915    0.688186  (       1    1582)
          78    0.096921    0.641590  (       1     866)
          79    0.096925    0.645132  (       1     847)
          80    0.096928    0.648435  (       1     897)
          81    0.096949    0.655047  (       1     924)
          82    0.096954    0.599077  (       1     848)
          83    0.096957    0.639720  (       1     850)
          84    0.096978    0.648326  (       1     860)
          85    0.096979    0.538941  (       1     944)
          86    0.096984    0.651444  (       1     896)
          87    0.096992    0.607717  (     122    1427)
          88    0.096992    0.636675  (       1     859)
          89    0.096992    0.645481  (       1     925)
          90    0.096994    0.614765  (      19    1111)
          91    0.096996    0.649981  (       1    1073)
          92    0.097006    0.657256  (       1     852)
          93    0.097011    0.662854  (       1     863)
          94    0.097015    0.614048  (       1     854)
          95    0.097019    0.640462  (       1     880)
          96    0.097027    0.648597  (       1     910)
          97    0.097027    0.647101  (       1    1130)
          98    0.097032    0.600926  (       1     876)
          99    0.097038    0.658047  (       1     973)
         100    0.097039    0.607896  (     129    1427)
