Model_ID, [(c_i,i=0,n)_j,j=1,ntask]
           1   -0.8964832948E-02    0.5758834043E+03
           2   -0.6933895600E-02    0.6137255549E+03
           3   -0.1901406441E+00    0.2779200000E+02
           4    0.9910518593E+00   -0.1847919965E-03
           5    0.9579781510E+00   -0.1725521679E-03
           6    0.1012170578E+01   -0.4399568778E-04
           7   -0.1810401108E+00    0.2744990498E+02
           8    0.1033085004E+01   -0.4442760021E-03
           9    0.9554501136E+00   -0.1715368029E-03
          10    0.9742651130E+00   -0.4077992312E-04
          11   -0.6438049341E-02    0.5890793475E+03
          12    0.9714094693E+00   -0.4052118197E-04
          13   -0.2272061736E+00    0.1373427575E+03
          14    0.9864658805E+00   -0.1656636136E-03
          15    0.1042500913E+01   -0.1686095970E-03
          16   -0.1658936497E+00    0.2873365449E+02
          17    0.9790899438E+00   -0.1618888852E-03
          18    0.1026037747E+01   -0.4098653132E-03
          19   -0.7014887832E-02    0.3075894059E+03
          20    0.9769251815E+00   -0.1611140502E-03
          21    0.8672114075E+00   -0.1159563337E-04
          22    0.8672503606E+00   -0.1160378383E-04
          23    0.1133332242E+01    0.1241049398E-02
          24   -0.1586550536E+00    0.2844650655E+02
          25    0.1297798255E+01   -0.2083986201E-02
          26    0.9913909234E+00   -0.4169701522E-03
          27    0.9252259022E+00   -0.8462019886E-05
          28    0.3812523743E-01    0.4492690588E+03
          29    0.1006243017E+01   -0.7800063114E-04
          30   -0.1716365285E-01    0.5846667136E+03
          31    0.9228202291E+00   -0.8410892557E-05
          32    0.9874968768E+00   -0.4134010987E-03
          33   -0.2565754261E-02    0.6256202191E+03
          34    0.8713135906E+00   -0.1162353981E-04
          35    0.9488007297E+00   -0.8909451837E-05
          36    0.8711924143E+00   -0.1162592603E-04
          37    0.8285625663E+00   -0.1048575116E-04
          38    0.1000330861E+01   -0.1583932371E-03
          39    0.1042463721E+01   -0.4634089361E-03
          40    0.8281092047E+00   -0.1046273726E-04
          41    0.1061505434E+01   -0.4284962988E-04
          42    0.1121124759E+01   -0.1862517663E-02
          43    0.1031895930E+01   -0.4082829185E-04
          44    0.1076666840E+01   -0.7149833804E-04
          45    0.1072529298E+01    0.6465004393E-04
          46    0.2008146578E+00    0.7146566583E+03
          47    0.1025274182E+01   -0.1288144897E-03
          48    0.1024761430E+01   -0.3999449288E-03
          49    0.1295697821E+01    0.2110111348E-02
          50    0.9964622774E+00   -0.1570829701E-03
          51   -0.2657311903E+00    0.3364632660E+02
          52    0.8228618769E+00   -0.2853715591E-04
          53    0.1057969155E+01   -0.4255442170E-04
          54   -0.3036363124E-01    0.1707344730E+03
          55    0.8225229812E+00   -0.2848538349E-04
          56    0.1044061790E+01   -0.6159722877E-04
          57    0.8822316685E+00   -0.1448350173E-03
          58    0.1044634604E+01   -0.6791785300E-04
          59    0.9863540221E+00   -0.3761832407E-04
          60    0.1113987093E+01    0.1201075251E-02
          61    0.1341315726E+00    0.4077694294E+03
          62    0.1028799231E+01   -0.4056659328E-04
          63    0.1022677915E+01   -0.1514923139E-03
          64    0.1073071653E+01   -0.7101199416E-04
          65    0.1069008646E+01    0.6421594822E-04
          66    0.1278323841E+01   -0.4023134448E-02
          67    0.1228259072E+01    0.1944766916E-02
          68    0.1021054369E+01   -0.3969049069E-03
          69    0.1042719934E+01   -0.7327043014E-03
          70    0.1082181113E+01    0.1157985700E-02
          71    0.8730255039E+00   -0.1054326192E-04
          72    0.9872577207E+00   -0.4702453562E-03
          73    0.8803705565E+00   -0.1440578264E-03
          74    0.1040952313E+01   -0.6121053873E-04
          75    0.1224662752E+01    0.1935412766E-02
          76    0.1239033586E+01   -0.1993336717E-02
          77    0.8724645694E+00   -0.1052013559E-04
          78    0.1041520460E+01   -0.6749134409E-04
          79    0.1177280598E+01    0.1852374580E-02
          80    0.1225464909E+01   -0.1970081766E-02
          81   -0.2355316391E-02    0.1122737777E+03
          82    0.1130012074E+01   -0.2166409283E-02
          83    0.4695848286E-01    0.3203932235E+03
          84    0.1226471071E+01   -0.1863442192E-02
          85   -0.4984479355E-01    0.4756935342E+03
          86    0.9773685216E+00   -0.3662281093E-04
          87    0.1036377803E+01   -0.4391047050E-03
          88   -0.1339715371E-01    0.6054027784E+03
          89    0.1135240725E+01   -0.7102744894E-03
          90    0.1071273607E+01   -0.1760376514E-03
          91    0.9574499686E+00   -0.2020405388E-04
          92    0.1142552875E+01   -0.2142665856E-02
          93    0.1016586104E+01    0.7329785143E-03
          94    0.1019711459E+01   -0.8096607130E-03
          95    0.8977858506E+00   -0.1502777106E-03
          96    0.9753557492E+00   -0.3646083188E-04
          97   -0.2327556674E+00    0.1478796424E+03
          98    0.8215576085E+00    0.1080401760E-04
          99    0.2094750083E+00    0.6953938676E+03
         100    0.1172162507E+01    0.1838811783E-02
