        Rank        RMSE       MaxAE  Feature_ID
           1    0.086451    0.342852  (       1    1356    1814)
           2    0.086453    0.342851  (       1    1356    1818)
           3    0.086796    0.517458  (     421    1181    1601)
           4    0.086933    0.510616  (     421    1181    1611)
           5    0.086964    0.375739  (       1    1058    1814)
           6    0.086965    0.375735  (       1    1058    1818)
           7    0.086999    0.503176  (     421    1181    1605)
           8    0.087011    0.526255  (     421    1181    1604)
           9    0.087102    0.503174  (     421    1181    1609)
          10    0.087109    0.449560  (     421    1181    1613)
          11    0.087142    0.518573  (     421    1181    1603)
          12    0.087143    0.497975  (     421    1181    1616)
          13    0.087147    0.529754  (     421    1181    1608)
          14    0.087196    0.531692  (     421    1181    1602)
          15    0.087256    0.340889  (       1    1356    2334)
          16    0.087257    0.340889  (       1    1356    2336)
          17    0.087257    0.340889  (       1    1356    2338)
          18    0.087287    0.498016  (     421    1181    1623)
          19    0.087310    0.519242  (     421    1181    1606)
          20    0.087374    0.520083  (     421    1181    1627)
          21    0.087437    0.517324  (     421    1181    1632)
          22    0.087461    0.513846  (     421    1181    1628)
          23    0.087464    0.375427  (       1    1168    1814)
          24    0.087465    0.375423  (       1    1168    1818)
          25    0.087476    0.355007  (       1    1582    1814)
          26    0.087477    0.355002  (       1    1582    1818)
          27    0.087485    0.493857  (     421    1181    1635)
          28    0.087535    0.529060  (     421    1181    1622)
          29    0.087548    0.360395  (       1     983    1814)
          30    0.087550    0.360390  (       1     983    1818)
          31    0.087550    0.539297  (     421    1181    1610)
          32    0.087556    0.357267  (       1    1026    1814)
          33    0.087557    0.357267  (       1    1026    1818)
          34    0.087563    0.519908  (     421    1352    1652)
          35    0.087567    0.518405  (     421    1181    1653)
          36    0.087576    0.356469  (       1     963    1814)
          37    0.087578    0.356464  (       1     963    1818)
          38    0.087584    0.530031  (     421    1181    1619)
          39    0.087587    0.350990  (       1     986    1814)
          40    0.087588    0.350990  (       1     986    1818)
          41    0.087608    0.363269  (       1    1520    1814)
          42    0.087609    0.363265  (       1    1520    1818)
          43    0.087611    0.564316  (     421    1181    1631)
          44    0.087613    0.513246  (     421    1352    1748)
          45    0.087628    0.364092  (       1    1027    1814)
          46    0.087629    0.364088  (       1    1027    1818)
          47    0.087636    0.516215  (     421    1352    1601)
          48    0.087640    0.344072  (       1     957    1814)
          49    0.087641    0.344068  (       1     957    1818)
          50    0.087656    0.343732  (     324    1181    1814)
          51    0.087658    0.343739  (     324    1181    1818)
          52    0.087690    0.513739  (     421    1181    1639)
          53    0.087705    0.539225  (     421    1181    1618)
          54    0.087717    0.565120  (     421    1181    1641)
          55    0.087725    0.549359  (     421    1181    1614)
          56    0.087736    0.501083  (     421    1352    1605)
          57    0.087743    0.377472  (       1    1482    1814)
          58    0.087745    0.377468  (       1    1482    1818)
          59    0.087763    0.377953  (       1     832    1814)
          60    0.087765    0.377952  (       1     832    1818)
          61    0.087772    0.518936  (     421    1181    1607)
          62    0.087779    0.559710  (     421    1181    1640)
          63    0.087780    0.566707  (     421    1181    1654)
          64    0.087781    0.567449  (     421    1181    1649)
          65    0.087784    0.470957  (     421    1181    1626)
          66    0.087793    0.566656  (     421    1181    1656)
          67    0.087797    0.532242  (     421    1181    1677)
          68    0.087809    0.369540  (       1    1058    2334)
          69    0.087809    0.369539  (       1    1058    2336)
          70    0.087810    0.369538  (       1    1058    2338)
          71    0.087817    0.536370  (     421    1181    1625)
          72    0.087821    0.561418  (     421    1181    1645)
          73    0.087829    0.546082  (     421    1181    1658)
          74    0.087831    0.552650  (     421    1181    1673)
          75    0.087851    0.379197  (       1     822    1814)
          76    0.087853    0.379197  (       1     822    1818)
          77    0.087860    0.534489  (     421    1181    1680)
          78    0.087861    0.382400  (       1    1496    1814)
          79    0.087862    0.382396  (       1    1496    1818)
          80    0.087862    0.533671  (     421    1181    1687)
          81    0.087864    0.499111  (     421    1181    1674)
          82    0.087864    0.540544  (     421    1181    1665)
          83    0.087865    0.526277  (     421    1181    1612)
          84    0.087870    0.514256  (     421    1181    1630)
          85    0.087872    0.378554  (       1     851    1814)
          86    0.087873    0.531817  (     421    1181    1719)
          87    0.087874    0.563322  (     421    1181    1650)
          88    0.087874    0.378554  (       1     851    1818)
          89    0.087875    0.550159  (     421    1181    1895)
          90    0.087875    0.341979  (       1     948    1814)
          91    0.087877    0.341979  (       1     948    1818)
          92    0.087883    0.547599  (     421    1181    1683)
          93    0.087891    0.552414  (     421    1181    1685)
          94    0.087897    0.567926  (     421    1181    1668)
          95    0.087900    0.349352  (       1     882    1814)
          96    0.087901    0.349347  (       1     882    1818)
          97    0.087906    0.544876  (     421    1181    1851)
          98    0.087911    0.536819  (     421    1181    1624)
          99    0.087920    0.535350  (     421    1181    1701)
         100    0.087927    0.496054  (     421    1352    1616)
