Model_ID, [(c_i,i=0,n)_j,j=1,ntask]
           1   -0.2250227596E+00    0.2049438743E+03    0.2085689307E+03
           2   -0.2623237681E+00    0.5630236450E+03    0.1953521130E+02
           3    0.2330224551E+00    0.5731701007E+03    0.1472101969E-01
           4   -0.1996741797E+00    0.5611371715E+03    0.7402253835E+02
           5   -0.2267534387E+00    0.5614434315E+03    0.3876376773E+02
           6   -0.2566016962E+00    0.5623872389E+03    0.1915991219E+02
           7   -0.1790909520E+00    0.5510933077E+03    0.1546196204E+03
           8   -0.2646190790E+00    0.5569446383E+03    0.2736911765E+02
           9   -0.3396127648E+00    0.5381007152E+03    0.8714482473E+01
          10   -0.2794206632E+00    0.6273783339E+03    0.6982230351E+00
          11   -0.2183859508E+00    0.2038138840E+03    0.2054155296E+03
          12   -0.4642941612E+00    0.5255584705E+03    0.3243505459E+01
          13   -0.2217855635E+00    0.5608544485E+03    0.3802553016E+02
          14   -0.2014889526E+00    0.5607348922E+03    0.3637882735E+02
          15    0.1830945296E+00    0.6295397110E+03    0.3387178949E-01
          16   -0.2350095089E+00    0.5495574210E+03    0.9251142471E+02
          17   -0.1625766406E+00    0.5449244251E+03    0.1499157512E+03
          18   -0.1907631531E+00    0.5626115250E+03    0.3269872283E+02
          19   -0.2734311662E+00    0.5735960815E+03    0.2692945675E+02
          20   -0.2683090744E+00    0.1146707678E+03    0.2697644308E+03
          21   -0.2601044949E+00    0.5567608497E+03    0.2694171292E+02
          22   -0.1296531574E+00    0.5293591460E+03   -0.3004960278E+03
          23   -0.2277130954E+00    0.2050717109E+03    0.2137780752E+03
          24    0.1865991595E+00    0.6300818623E+03   -0.3439619291E-01
          25   -0.2668914586E+00    0.4194968122E+02    0.2699114582E+03
          26    0.3081093882E+00    0.6421036179E+03    0.5117929737E-01
          27   -0.1329519101E+00    0.5306240513E+03    0.3249676322E+03
          28    0.2146309361E+00    0.1111489270E-03    0.2000632622E+02
          29   -0.2927901006E+00    0.5591270834E+03    0.1314457418E+02
          30   -0.1947141374E+00    0.6356839021E+03    0.1832024016E+02
          31   -0.2814425314E+00    0.6263804473E+03    0.7071888365E+00
          32   -0.2762794813E+00    0.6206705298E+03    0.1807136495E+01
          33   -0.2096171981E+00    0.5522740266E+03    0.8210648115E+02
          34   -0.1757659514E+00    0.5799681705E+03    0.2772015550E+02
          35   -0.2847803862E+00    0.6239820288E+03    0.1966869834E+01
          36   -0.2630800634E+00    0.8061245233E+02    0.2702177088E+03
          37   -0.1353663543E+00    0.5319492127E+03    0.3478569399E+03
          38   -0.2791386406E+00    0.5831380600E+03    0.2621481231E+02
          39   -0.3027643512E+00    0.6463461235E+03    0.1821840398E+01
          40   -0.3367270742E+00    0.6763481491E+03    0.1616771870E+00
          41   -0.3124420882E+00    0.6504754783E+03    0.1985838547E+01
          42   -0.2096201903E+00    0.5629363836E+03    0.1573276577E+02
          43   -0.1581862785E+00    0.5650528117E+03    0.3576276921E+03
          44   -0.2652615648E+00    0.6167930401E+03   -0.1637109621E+01
          45   -0.1577237086E+00    0.5652790652E+03    0.3920031355E+03
          46   -0.1806477369E+00    0.5789320571E+03    0.2858790158E+02
          47   -0.1971336936E+00    0.5601779858E+03    0.3570431444E+02
          48   -0.1638862295E+00    0.5485795508E+03    0.1450825782E+03
          49   -0.1894427648E+00    0.5601281389E+03    0.7071336031E+02
          50    0.2246343030E+00    0.5707469244E+03    0.1406809433E-01
          51   -0.2079421930E+00    0.6527896183E+03    0.1971899255E+02
          52   -0.2902962723E+00    0.6414162123E+03   -0.1647577342E+01
          53   -0.3297452791E+00    0.5384592292E+03    0.8473453498E+01
          54   -0.1257598130E+00    0.5430267020E+03   -0.2625101737E+03
          55   -0.2040536705E+00    0.6488179588E+03    0.1785388055E+02
          56   -0.1916958066E+00    0.6342671345E+03    0.1811093783E+02
          57   -0.2308256183E+00    0.6385031983E+03   -0.1244730956E+01
          58    0.2804678565E+00    0.5556470075E+03   -0.3513897645E-02
          59   -0.1643083710E+00    0.6100812186E+03    0.1600675200E+03
          60   -0.2366629964E+00    0.6414607738E+03    0.1354097346E+01
          61   -0.1699222925E+00    0.5506559569E+03    0.1477067043E+03
          62   -0.1283931152E+00    0.5444154981E+03    0.2828044756E+03
          63   -0.1828679180E+00    0.5819441620E+03    0.2982055352E+02
          64   -0.3416321277E+00    0.5615599611E+03    0.8313198944E+01
          65    0.1325535385E+00    0.5621718019E+03    0.2820287395E-05
          66   -0.2740622741E+00    0.6193014411E+03    0.3594207199E+01
          67   -0.1709331080E+00    0.5476357269E+03    0.1620852405E+03
          68   -0.1626883516E+00    0.5549682147E+03    0.1408182813E+03
          69   -0.2882025699E+00    0.5589391290E+03    0.1295514733E+02
          70   -0.3128396278E+00    0.5887139542E+03    0.1273798115E+02
          71   -0.1627181199E+00    0.5583281287E+03   -0.1378319359E+03
          72   -0.1553600984E+00    0.5644840720E+03    0.3524653267E+03
          73   -0.1549254049E+00    0.5647080766E+03    0.3863952392E+03
          74   -0.2284676709E+00    0.6472909491E+03    0.4872550152E+00
          75   -0.2772365533E+00    0.1173740768E+03    0.2700678677E+03
          76   -0.2410230140E+00    0.6438715627E+03    0.1457639848E+01
          77   -0.2111131756E+00    0.6729090186E+03    0.1065741333E+01
          78   -0.1612749374E+00    0.5485378613E+03   -0.1430290434E+03
          79   -0.1671208446E+00    0.5599248406E+03    0.1496869554E+03
          80   -0.2723156733E+00    0.6190835040E+03    0.1789801807E+01
          81   -0.2750844391E+00    0.6241120968E+03    0.6938667088E+00
          82    0.1090372028E+00    0.5880307626E+03    0.9705920705E-03
          83   -0.1327128048E+00    0.5616170344E+03   -0.2528079036E+03
          84   -0.1593666430E+00    0.5551635284E+03    0.1368281058E+03
          85   -0.1755520666E+00    0.5236735573E+03    0.3573789301E+02
          86   -0.2619213309E+00    0.6153626829E+03   -0.1624449459E+01
          87   -0.2625291403E+00    0.1145253395E+03    0.2649972055E+03
          88   -0.1862515138E+00    0.5948082005E+03    0.1195338498E+02
          89   -0.2801925532E+00    0.6222422877E+03    0.1944331728E+01
          90   -0.1311569173E+00    0.3335288259E+03    0.1019261895E+02
          91   -0.2978199534E+00    0.6453231114E+03    0.1789722651E+01
          92   -0.1834545691E+00    0.5810276964E+03    0.3006679747E+02
          93   -0.1887306067E+00    0.5939520517E+03    0.2760525231E+02
          94    0.1108794889E+00    0.5789949343E+03    0.3704956164E-04
          95   -0.1302810159E+00    0.5457671321E+03    0.3018523801E+03
          96   -0.2708413948E+00    0.6182958456E+03    0.1781780446E+01
          97   -0.3069908454E+00    0.6492792486E+03    0.1948740737E+01
          98   -0.2279128484E+00    0.5491526268E+03    0.9015878599E+02
          99    0.2849218208E+00    0.6305181206E+03    0.4693216730E-01
         100   -0.2611710800E+00    0.4189854905E+02    0.2651753578E+03
