Model_ID, [(c_i,i=0,n)_j,j=1,ntask]
           1   -0.4098201457E+00    0.6949800283E+03    0.1902151471E+00    0.5899982422E-01
           2   -0.4098139512E+00    0.6949768182E+03    0.1902134878E+00    0.5899384699E-01
           3   -0.3450481870E+00    0.2210028655E+03    0.2259128568E+03    0.4577769967E-05
           4   -0.3568816947E+00    0.2264875764E+03    0.2249854245E+03    0.4710753271E-05
           5   -0.2823517176E+00    0.6607843717E+03    0.5732311986E+00    0.5866549102E-01
           6   -0.2823528106E+00    0.6607833135E+03    0.5732385170E+00    0.5866191223E-01
           7   -0.3340747658E+00    0.2127778757E+03    0.2362238641E+03    0.7630584928E-05
           8   -0.3464003982E+00    0.2193553381E+03    0.2292900551E+03    0.4391647572E-05
           9   -0.3344058492E+00    0.2129822635E+03    0.2361565078E+03    0.7622655004E-05
          10   -0.3322515341E+00    0.2123356629E+03    0.2398934307E+03    0.6617479603E-05
          11   -0.3214014750E+00    0.2114422434E+03    0.2298142985E+03    0.2034114849E-04
          12   -0.3411565899E+00    0.2140119769E+03    0.2394145625E+03    0.7902232690E-05
          13   -0.3396649998E+00    0.2143635575E+03    0.2340836659E+03    0.8730427775E-05
          14   -0.3190431067E+00    0.2125197520E+03    0.2260241113E+03    0.2108283765E-04
          15   -0.4258081451E+00    0.7102141844E+03    0.1905463487E+00    0.5656788757E-03
          16   -0.4258053387E+00    0.7102125757E+03    0.1905457252E+00    0.5656574347E-03
          17   -0.4258026010E+00    0.7102110303E+03    0.1905450858E+00    0.5656359841E-03
          18   -0.3412841689E+00    0.2141125904E+03    0.2393915356E+03    0.7894310524E-05
          19   -0.3206637488E+00    0.2113577541E+03    0.2298075817E+03    0.2017916155E-04
          20   -0.3563999452E+00    0.2246170201E+03    0.2275175671E+03    0.4490892118E-05
          21   -0.3582787654E+00    0.2215194257E+03    0.2353582242E+03    0.4673002977E-05
          22   -0.3507216318E+00    0.2255804541E+03    0.2233754731E+03    0.4545231058E-05
          23   -0.2775050662E+00    0.6586451029E+03    0.5644094690E+00    0.5836675448E-01
          24   -0.2775059696E+00    0.6586439899E+03    0.5644164212E+00    0.5836309318E-01
          25   -0.2582257349E+00    0.6893142018E+03    0.1236387292E+01    0.5708554607E-01
          26   -0.2582240823E+00    0.6893124959E+03    0.1236391529E+01    0.5708085664E-01
          27   -0.3512902160E+00    0.2215968086E+03    0.2346508444E+03    0.7793107113E-05
          28   -0.3406359080E+00    0.2187248849E+03    0.2275931758E+03    0.4230230888E-05
          29   -0.2859361476E+00    0.6523132460E+03    0.1560440359E+01    0.5643079491E-01
          30   -0.2859360775E+00    0.6523118285E+03    0.1560453630E+01    0.5642664882E-01
          31   -0.3205110471E+00    0.2179025762E+03    0.2099871484E+03    0.6970343867E-03
          32   -0.2476624268E+00    0.6605529379E+03    0.2051709587E+02    0.5616878740E-01
          33   -0.2476627102E+00    0.6605518275E+03    0.2051732502E+02    0.5616493298E-01
          34   -0.3006501180E+00    0.2058380598E+03    0.2150813132E+03    0.5693975507E-03
          35   -0.3602238041E+00    0.2241129429E+03    0.2324894656E+03    0.9120444426E-05
          36   -0.2786565465E+00    0.6487603669E+03   -0.1431593401E+01    0.5623342674E-01
          37   -0.2786561180E+00    0.6487588484E+03   -0.1431604069E+01    0.5622915435E-01
          38   -0.3278302803E+00    0.2205532168E+03    0.2096293880E+03    0.7501320923E-03
          39   -0.3689385154E+00    0.6616920848E+03    0.2262019568E+01    0.5532620414E-01
          40   -0.3689396111E+00    0.6616908881E+03    0.2262041479E+01    0.5532215364E-01
          41   -0.2942362258E+00    0.6691408067E+03   -0.1395871547E+01    0.5888037513E-01
          42   -0.2942391737E+00    0.6691403881E+03   -0.1395897401E+01    0.5887739459E-01
          43   -0.3155607929E+00    0.2247396561E+03    0.2206724387E+03    0.2077818185E-05
          44   -0.2967246317E+00    0.2073112965E+03    0.2096805518E+03    0.5831058731E-03
          45   -0.2914320824E+00    0.6552232460E+03    0.1682553767E+01    0.5653503062E-01
          46   -0.2914323266E+00    0.6552219224E+03    0.1682569607E+01    0.5653098702E-01
          47   -0.3400726015E+00    0.2199875024E+03    0.2234350555E+03    0.4621206201E-05
          48   -0.3571926843E+00    0.6568254568E+03    0.2071085487E+01    0.5510752707E-01
          49   -0.3571931420E+00    0.6568241020E+03    0.2071102546E+01    0.5510330125E-01
          50   -0.2504316440E+00    0.1981691616E+03    0.2084894631E+03    0.5762185377E-01
          51   -0.2504278881E+00    0.1981673216E+03    0.2084909485E+03    0.5761617770E-01
          52   -0.3311896184E+00    0.2258492406E+03    0.2136907674E+03    0.2182343327E-04
          53   -0.3109675092E+00    0.2094643324E+03    0.2270876928E+03    0.1978189709E-04
          54   -0.3181606722E+00    0.2239867753E+03    0.2236288459E+03    0.2112809923E-05
          55   -0.3212722958E+00    0.2154033588E+03    0.2167725405E+03    0.6486353462E-03
          56   -0.3301429787E+00    0.2117215518E+03    0.2343575323E+03    0.7762211513E-05
          57   -0.4242153061E+00    0.6683283414E+03    0.1513292128E+01    0.5838298464E-01
          58   -0.4242156269E+00    0.6683268277E+03    0.1513302339E+01    0.5837870347E-01
          59    0.1918416409E+00    0.6366469261E+03    0.3784528392E-01    0.5336366860E-01
          60    0.1918430951E+00    0.6366445997E+03    0.3784506457E-01    0.5335772917E-01
          61   -0.2975635296E+00    0.2081298058E+03    0.2120895149E+03    0.5483630505E-03
          62   -0.3104016771E+00    0.2240395938E+03    0.2188419323E+03    0.2966525916E-05
          63   -0.3133992675E+00    0.2256439227E+03    0.2165084775E+03    0.2654993832E-04
          64   -0.3123476305E+00    0.2253227033E+03    0.2165177427E+03    0.9406597592E-05
          65   -0.3210463386E+00    0.2158186094E+03    0.2271390637E+03    0.5681224453E-05
          66   -0.3175663965E+00    0.2250678358E+03    0.2201119017E+03    0.5514946960E-04
          67   -0.3250487719E+00    0.2263502117E+03    0.2237448476E+03    0.2517428710E-05
          68   -0.2975789181E+00    0.6757079533E+03    0.5734381605E+00    0.5606996942E-03
          69   -0.2975789891E+00    0.6757073532E+03    0.5734406932E+00    0.5606869378E-03
          70   -0.2975791590E+00    0.6757068260E+03    0.5734432142E+00    0.5606742455E-03
          71   -0.3309723375E+00    0.2194498306E+03    0.2117166068E+03    0.7385399594E-03
          72   -0.3092012159E+00    0.2238876850E+03    0.2183431998E+03    0.2754532819E-05
          73   -0.3140422076E+00    0.2247773923E+03    0.2197012596E+03    0.3062784388E-05
          74   -0.3181849811E+00    0.2265609543E+03    0.2177754203E+03    0.2941211058E-04
          75   -0.3213939647E+00    0.6335969009E+03    0.7717536513E+00    0.5223302462E-01
          76   -0.3213899619E+00    0.6335947063E+03    0.7717501688E+00    0.5222716057E-01
          77   -0.3192908139E+00    0.2265666220E+03    0.2198239095E+03    0.2394075939E-05
          78   -0.3045960771E+00    0.6776265397E+03    0.1671362313E+01    0.5687227310E-01
          79   -0.3045974863E+00    0.6776257626E+03    0.1671383712E+01    0.5686860541E-01
          80   -0.3242030517E+00    0.2266371344E+03    0.2223140809E+03    0.5878967077E-05
          81   -0.3442424710E+00    0.2199233677E+03    0.2336440485E+03    0.7482418188E-05
          82   -0.3154141960E+00    0.2250047002E+03    0.2201679836E+03    0.3156144264E-05
          83   -0.2994480432E+00    0.2064151816E+03    0.2169281541E+03    0.5290134599E-03
          84   -0.3273629316E+00    0.2178719014E+03    0.2247797659E+03    0.6647892545E-05
          85    0.1961438644E+00    0.6373713878E+03   -0.3850525063E-01    0.5349735462E-01
          86   -0.3291354925E+00    0.2257491561E+03    0.2273234864E+03    0.2588186863E-05
          87   -0.3078080153E+00    0.2237052281E+03    0.2177817423E+03   -0.2540512093E-05
          88    0.1961452853E+00    0.6373690500E+03   -0.3850502583E-01    0.5349142228E-01
          89   -0.3434605543E+00    0.2294215722E+03    0.2286562098E+03    0.3113528248E-05
          90   -0.3421774396E+00    0.6510410177E+03   -0.1868590165E+01    0.5475304903E-01
          91   -0.3421772085E+00    0.6510395035E+03   -0.1868602511E+01    0.5474861594E-01
          92   -0.3194992425E+00    0.2267840452E+03    0.2182193487E+03    0.3026371297E-04
          93   -0.3271929060E+00    0.2253742241E+03    0.2251886322E+03    0.3151145354E-04
          94   -0.3203830965E+00    0.2242232828E+03    0.2231692186E+03    0.2800675713E-04
          95   -0.2315651910E+00    0.6438909951E+03    0.2058331519E+02    0.5383733955E-01
          96   -0.2315630915E+00    0.6438891334E+03    0.2058335200E+02    0.5383231176E-01
          97   -0.3403600493E+00    0.2284454265E+03    0.2282637975E+03    0.6984870570E-05
          98   -0.3244252371E+00    0.2150218290E+03    0.2178036767E+03    0.7363457206E-03
          99   -0.3200379764E+00    0.2267362717E+03    0.2196113523E+03    0.5665830991E-05
         100   -0.3368724719E+00    0.2129324135E+03    0.2374236228E+03    0.8017996463E-05
